681
680.9
684.1
681.6842105263158
682.2
683.2
683.1578947368421
684.05
686.25
684.3
683.3684210526316
684.7
687.1
685.8
684.6315789473684
684.6
684
687.35
684.9473684210526
687.85
686
685.1578947368421
684.65
683.3
685.4
686.2105263157895
685.4
685.35
685.2
686.1578947368421
685.15
685.95
684.05
684.1052631578947
686.4
685.5
686.0526315789474
685.3
684.8
684.25
686.3157894736842
685.9
685.8
684.85
684.578947368421
685.4
686.5
686.1052631578947
685.75
685.4
685.35
685.6842105263158
685.25
686.65
686.45
687
686.35
686.35
686.6
688.7368421052631
688.4
688.05
688.2631578947369
687.5
689.6
688.8
688.9473684210526
688.85
689.55
689.65
690.421052631579
690.45
687.95
689.7894736842105
689.85
688.5
689.2
687.8421052631579
690.5
691.5
690.25
692.6315789473684
689
691.85
688.1
691.9473684210526
689.05
690.15
689.1052631578947
685.9
685.2
687.1
686.2631578947369
686.4
684.85
687.75
685.8947368421053
686.25
683.95
683.7894736842105
686.15
687.8
686.95
685.8421052631579
688.65
684.75
686.4
682.6315789473684
683.5
685.4
686.1578947368421
686.95
687.1
686.25
684.2631578947369
683.3
682.5
678.05
662.5263157894736
660.45
655.8
656.6315789473684
655.8
654.8
661.05
656.3684210526316
657.5
655
658.1
655.1578947368421
654.1
652.4
656.8
655.0526315789474
653.35
661.1
656.2631578947369
656
664.75
665.3
668.2105263157895
666.45
670
668.25
666.2631578947369
668.8
668.15
668.35
667
666.85
668.9
667.6315789473684
669.5
667.8
668.85
667.3684210526316
668.9
668.45
667.7
668.1052631578947
667.3
668.6
668.05
666.7894736842105
666.4
667.75
664.2631578947369
662.65
657.85
660
660.421052631579
659.2
659.15
658.6
657.8947368421053
660.7
658.55
658.65
659.0526315789474
658.35
659.2
659.7368421052631
659.7
660.3
659.25
661.1052631578947
659.6
659.65
660.1
659.7894736842105
660
659.95
660.4
660
660.35
659.6
659.5
659
657.55
658.15
658.5263157894736
666.65
666.35
668.25
668.8421052631579
667.15
667.25
671.35
671.421052631579
673.25
674.35
673.85
673.4736842105264
673.5
673.3
673.65
675.6315789473684
674.65
675.1
675
674.55
674.9
674.25
672.7894736842105
674.7
674.65
675.6111111111111
675.7894736842105
673.6
670.85
672.4736842105264
669.9
669.15
668.45
669.7894736842105
668.3
668.85
666.75
667.421052631579
669.9
667.1
667.65
669.1052631578947
666.9
667.8
669.6315789473684
669.6
668.05
667.95
666.7368421052631
667.85
669.6
670.7
667.2631578947369
667.6
669.5
665.45
667.7368421052631
667.9
667.3
667.35
669.578947368421
668.7
666.35
664.6842105263158
669.35
668
667.3
665.578947368421
662.95
656.65
656.45
655.578947368421
654
652.45
649.4736842105264
651.2
651.65
651.9
651.7894736842105
653.6
652.4
653.3
652.8823529411765
654.8
655.9
656
656.95
651.7
653.85
655.9473684210526
653.8
653.45
654.8
655
656.9
656.9
654.5
654.4736842105264
652.45
651.15
654.9473684210526
651.5
653.8
653.3
652.8947368421053
652.75
652.5
652.7
653.8947368421053
651.95
653.75
652.55
653.1578947368421
651.9
652.75
653.7894736842105
652.4
654.7
656.55
654.6315789473684
656.4
656.65
656.8
656.7894736842105
657.3
657.55
657.1
658.0526315789474
658.45
658.45
657.6315789473684
657.3
657.95
657.55
657.5263157894736
657.65
658.55
658.05
657.7894736842105
658.8
657.7
657.5
657.578947368421
657.7
657.25
657.25
657.5263157894736
657.7
657.1
658
657.55
658.85
658.7
658.9473684210526
658.05
657.35
657.45
658.4736842105264
659.25
659.8
659.7894736842105
658.7
659.05
659.4
658.9473684210526
659.7
658.75
659.9
657.421052631579
660.8421052631579
660.7
661.9
662.2105263157895
661.4
661.05
662.3
660.9473684210526
660.5
659.2
658.1052631578947
657.35
656.3
656.9
655.6315789473684
653.95
654.35
653.8
653.0526315789474
654.3
654.4
651.25
653.2105263157895
654.35
650.05
650.2105263157895
651.7
652.4
650.85
651.5263157894736
651.35
651.85
651.85
647.9473684210526
647.4
649.3
650.8421052631579
650.6
646.2
644.9
642.2105263157895
641.45
644.75
646.1
639.6842105263158
643.75
633.6
633.15
633.7894736842105
636.85
634.65
633.8
632.9473684210526
639.85
549.5
0.3684210526315789
240.45
757.95
719.25
676.6315789473684
654.4
642.1
638.45
633.1052631578947
639.6
636.65
635
636.6842105263158
634.15
637.25
634.15
634.6842105263158
632.7
630.75
633.4736842105264
633.15
647.35
665.65
669.5263157894736
674.25
673.65
675.1
674.8421052631579
676.15
676.3
676.0526315789474
675.8
676.65
674
661.7894736842105
656.75
654.05
648.95
644.6315789473684
649.25
648.55
648.8
648.6315789473684
647.55
650.25
649.35
649.9473684210526
649.95
649.1
650.9473684210526
650.5
649.55
649.8
648.7894736842105
648.5
648.15
650.2
650.578947368421
649.8
649.85
650.75
650.6842105263158
650.7
649.35
648.45
649.5263157894736
649.7
651.15
650.8947368421053
650.85
650.45
650.45
650.421052631579
650.6
647.85
